[[0,2,2,15],[144,50,95]]
[[0,2,2,17],[144,50,0]]
[[0,2,2,17],[144,52,95]]
[[0,2,2,18],[144,52,0]]
[[0,2,2,18],[144,53,95]]
[[0,2,2,19],[144,53,0]]
[[0,2,2,19],[144,55,95]]
[[0,2,2,20],[144,55,0]]
[[0,2,2,20],[144,57,95]]
[[0,2,2,22],[144,57,0]]
[[0,2,2,22],[144,59,95]]
[[0,2,3,0],[144,59,0]]
[[0,2,3,0],[144,60,95]]
[[0,2,3,4],[144,60,0]]
[[0,2,3,4],[144,59,95]]
[[0,2,3,5],[144,59,0]]
[[0,2,3,5],[144,57,95]]
[[0,2,3,6],[144,57,0]]
[[0,2,3,6],[144,53,95]]
[[0,2,3,7],[144,53,0]]
[[0,2,3,7],[144,50,95]]
[[0,2,3,9],[144,50,0]]
[[0,2,3,9],[144,48,95]]
[[0,2,3,10],[144,48,0]]
[[0,2,3,10],[144,47,95]]
[[0,2,3,11],[144,47,0]]
[[0,2,3,11],[144,46,95]]
[[0,2,3,16],[144,46,0]]
[[0,2,3,16],[144,47,95]]
[[0,2,3,17],[144,47,0]]
[[0,2,3,17],[144,49,95]]
[[0,2,3,19],[144,49,0]]
[[0,2,3,19],[144,51,95]]
[[0,2,3,20],[144,51,0]]
[[0,2,3,20],[144,53,95]]
[[0,2,3,22],[144,53,0]]
[[0,2,3,22],[144,54,95]]
[[0,3,0,2],[144,54,0]]
[[0,3,0,2],[144,53,95]]
[[0,3,0,4],[144,53,0]]
[[0,3,0,4],[144,52,95]]
[[0,3,0,7],[144,52,0]]
[[0,3,0,7],[144,50,95]]
[[0,3,0,12],[144,50,0]]
[[0,3,0,12],[144,52,95]]
[[0,3,0,13],[144,52,0]]
[[0,3,0,13],[144,55,95]]
[[0,3,0,14],[144,55,0]]
[[0,3,0,14],[144,58,95]]
[[0,3,0,15],[144,58,0]]
[[0,3,0,15],[144,59,95]]
[[0,3,0,17],[144,59,0]]
[[0,3,0,17],[144,60,95]]
[[0,3,0,18],[144,60,0]]
[[0,3,0,18],[144,61,95]]
[[0,3,0,20],[144,61,0]]
[[0,3,0,20],[144,59,95]]
[[0,3,0,21],[144,59,0]]
[[0,3,0,21],[144,55,95]]
[[0,3,0,23],[144,55,0]]
[[0,3,0,23],[144,51,95]]
[[0,3,1,0],[144,51,0]]
[[0,3,1,0],[144,46,95]]
[[0,3,1,1],[144,46,0]]
[[0,3,1,1],[144,41,95]]
[[0,3,1,2],[144,41,0]]
[[0,3,1,2],[144,39,95]]
[[0,3,1,3],[144,39,0]]
